ActiLog V5.0
14-01-09
09:16:50
07-01-09
11:29:18
5 skip 1073741763
04þBertþþmþ07-01-09þ11:29:18þ683þ
waken:~08:00~22:00~08:00~+20:50~10:25~20:50~12:05~22:50~10:10~23:20~07:35~15:30~11:25~11:55~07:55~+00:20~00:25~13:50~00:20~02:15~08:00~+10:55~08:30~10:55~02:25~02:35~07:35~08:10~~~~~~~~~~~~~~~~~~~~~~~~~~~~~~~~~
system:~10
data:
255 255 255 192
27 30 29 153
51 97 66 15
255 255 255 201
16 11 11 139
5 14 9 5
0 15 0 1
0 18 0 1
0 19 0 1
0 15 0 1
0 15 0 1
0 14 0 1
0 15 0 1
0 13 0 0
0 11 0 0
0 11 0 0
0 12 0 0
0 11 0 0
0 10 0 0
0 9 0 0
0 8 0 0
0 8 0 0
0 9 0 0
0 8 0 0
0 8 0 0
0 8 0 0
0 8 0 0
0 7 0 0
0 8 0 0
0 7 0 0
0 6 0 0
0 5 0 0
0 7 0 0
0 6 0 0
0 5 0 0
0 6 0 0
0 5 0 0
0 6 0 0
0 4 0 0
0 5 0 0
0 3 0 0
0 5 0 0
0 6 0 0
0 5 0 0
0 6 0 0
0 5 0 0
0 5 0 0
0 4 0 0
0 5 0 0
0 5 0 0
0 5 0 0
0 5 0 0
0 4 0 0
0 5 0 0
0 5 0 0
0 4 0 0
0 4 0 0
0 4 0 0
0 4 0 0
0 4 0 0
0 4 0 0
0 3 0 0
0 5 0 0
0 4 0 0
0 3 0 0
0 6 0 0
0 4 0 0
0 5 0 0
0 4 0 0
0 4 0 0
0 4 0 0
0 5 0 0
0 4 0 0
0 4 0 0
0 4 0 0
0 3 0 0
0 3 0 0
0 3 0 0
0 3 0 0
0 4 0 0
0 3 0 0
0 3 0 0
0 4 0 0
0 2 0 0
0 3 0 0
0 3 0 0
0 3 0 0
0 4 0 0
0 3 0 0
0 3 0 0
0 3 0 0
0 4 0 0
0 3 0 0
0 3 0 0
0 3 0 0
0 3 0 0
0 3 0 0
0 3 0 0
0 4 0 0
0 4 0 0
0 4 0 0
0 3 0 0
0 2 0 0
0 3 0 0
0 3 0 0
0 4 0 0
0 4 0 0
0 3 0 0
0 3 0 0
0 2 0 0
0 3 0 0
0 2 0 0
0 2 0 0
0 3 0 0
0 3 0 0
0 2 0 0
0 2 0 0
0 2 0 0
0 2 0 0
0 2 0 0
0 3 0 0
0 2 0 0
0 3 0 0
0 2 0 0
0 2 0 0
0 2 0 0
0 1 0 0
0 2 0 0
0 1 0 0
0 1 0 0
0 2 0 0
0 2 0 0
0 2 0 0
0 2 0 0
0 2 0 0
0 1 0 0
0 2 0 0
0 2 0 0
0 2 0 0
0 2 0 0
0 2 0 0
0 1 0 0
0 3 0 0
0 1 0 0
0 3 0 0
0 2 0 0
0 2 0 0
0 3 0 0
0 2 0 0
0 2 0 0
0 2 0 0
0 2 0 0
0 2 0 0
0 1 0 0
0 2 0 0
0 1 0 0
0 3 0 0
0 1 0 0
0 1 0 0
0 3 0 0
0 2 0 0
0 2 0 0
0 2 0 0
0 2 0 0
0 1 0 0
0 2 0 0
0 3 0 0
0 2 0 0
0 2 0 0
0 2 0 0
0 1 0 0
0 3 0 0
0 2 0 0
0 1 0 0
0 2 0 0
0 2 0 0
0 4 0 0
0 2 0 0
0 1 0 0
0 2 0 0
0 1 0 0
0 2 0 0
0 1 0 0
0 2 0 0
0 2 0 0
0 2 0 0
0 2 0 0
0 2 0 0
0 2 0 0
0 2 0 0
0 2 0 0
0 2 0 0
0 2 0 0
0 1 0 0
0 2 0 0
0 1 0 0
0 3 0 0
0 2 0 0
0 2 0 0
0 2 0 0
0 2 0 0
0 2 0 0
0 2 0 0
0 1 0 0
0 1 0 0
0 2 0 0
0 2 0 0
0 3 0 0
0 2 0 0
0 2 0 0
0 2 0 0
0 3 0 0
0 4 0 0
0 2 0 0
0 1 0 0
0 2 0 0
0 3 0 0
0 2 0 0
0 2 0 0
0 2 0 0
0 2 0 0
0 1 0 0
0 2 0 0
0 3 0 0
0 2 0 0
0 3 0 0
0 3 0 0
0 4 0 0
0 2 0 0
0 2 0 0
0 2 0 0
0 2 0 0
0 2 0 0
0 2 0 0
0 2 0 0
0 2 0 0
0 2 0 0
0 2 0 0
0 3 0 0
0 2 0 0
0 2 0 0
0 2 0 0
0 2 0 0
0 2 0 0
0 1 0 0
0 1 0 0
0 2 0 0
0 2 0 0
0 2 0 0
0 1 0 0
0 2 0 0
0 2 0 0
0 2 0 0
0 1 0 0
0 2 0 0
0 1 0 0
0 0 0 0
0 2 0 0
0 1 0 0
0 1 0 0
0 1 0 0
0 0 0 0
0 1 0 0
0 1 0 0
0 1 0 0
0 1 0 0
0 1 0 0
0 0 0 0
0 1 0 0
0 1 0 0
0 1 0 0
0 1 0 0
0 1 0 0
0 1 0 0
0 0 0 0
0 0 0 0
0 1 0 0
0 0 0 0
0 1 0 0
0 1 0 0
0 0 0 0
0 1 0 0
0 1 0 0
0 1 0 0
0 1 0 0
0 1 0 0
0 0 0 0
0 1 0 0
0 1 0 0
0 0 0 0
0 0 0 0
0 1 0 0
0 0 0 0
0 1 0 0
0 1 0 0
0 1 0 0
0 1 0 0
0 1 0 0
0 1 0 0
0 1 0 0
0 0 0 0
0 1 0 0
0 1 0 0
0 0 0 0
0 0 0 0
0 0 0 0
0 1 0 0
0 1 0 0
0 1 0 0
0 1 0 0
0 1 0 0
0 0 0 0
0 0 0 0
0 0 0 0
0 1 0 0
0 0 0 0
0 0 0 0
0 1 0 0
0 1 0 0
0 1 0 0
0 1 0 0
0 1 0 0
0 0 0 0
0 0 0 0
0 0 0 0
0 1 0 0
0 0 0 0
0 1 0 0
0 0 0 0
0 0 0 0
0 0 0 0
0 0 0 0
0 0 0 0
0 0 0 0
0 0 0 0
0 1 0 0
0 1 0 0
0 1 0 0
0 1 0 0
0 1 0 0
0 0 0 0
0 0 0 0
0 0 0 0
0 0 0 0
0 0 0 0
0 1 0 0
0 0 0 0
0 1 0 0
0 0 0 0
0 0 0 0
0 1 0 0
0 1 0 0
0 0 0 0
0 0 0 0
0 0 0 0
0 0 0 0
0 0 0 0
0 0 0 0
0 0 0 0
0 0 0 0
0 0 0 0
0 0 0 0
0 0 0 0
0 1 0 0
0 0 0 0
0 1 0 0
0 0 0 0
0 1 0 0
0 0 0 0
0 1 0 0
0 1 0 0
0 0 0 0
0 0 0 0
0 0 0 0
0 1 0 0
0 1 0 0
0 0 0 0
0 0 0 0
0 0 0 0
0 0 0 0
0 0 0 0
0 0 0 0
0 1 0 0
0 0 0 0
0 1 0 0
0 1 0 0
0 1 0 0
0 0 0 0
0 0 0 0
0 1 0 0
0 1 0 0
0 1 0 0
0 0 0 0
0 1 0 0
0 0 0 0
0 1 0 0
0 1 0 0
0 0 0 0
0 1 0 0
0 1 0 0
0 0 0 0
0 1 0 0
0 0 0 0
0 1 0 0
0 1 0 0
0 0 0 0
0 0 0 0
0 1 0 0
0 0 0 0
0 1 0 0
0 0 0 0
0 1 0 0
0 0 0 0
0 0 0 0
0 0 0 0
0 0 0 0
0 1 0 0
0 1 0 0
0 1 0 0
0 1 0 0
0 0 0 0
0 1 0 0
0 0 0 0
0 0 0 0
0 1 0 0
0 1 0 0
0 1 0 0
0 1 0 0
0 1 0 0
0 0 0 0
0 1 0 0
0 1 0 0
0 0 0 0
0 0 0 0
0 0 0 0
0 0 0 0
0 1 0 0
0 1 0 0
0 1 0 0
0 1 0 0
0 0 0 0
0 1 0 0
0 0 0 0
0 1 0 0
0 0 0 0
0 0 0 0
0 0 0 0
0 0 0 0
0 0 0 0
0 0 0 0
0 1 0 0
0 1 0 0
0 1 0 0
0 0 0 0
0 1 0 0
0 1 0 0
0 0 0 0
0 0 0 0
0 1 0 0
0 1 0 0
0 1 0 0
0 1 0 0
0 1 0 0
0 0 0 0
0 1 0 0
0 0 0 0
0 1 0 0
0 1 0 0
0 1 0 0
0 1 0 0
0 1 0 0
0 1 0 0
0 1 0 0
0 1 0 0
0 1 0 0
0 1 0 0
0 1 0 0
0 1 0 0
0 1 0 0
0 1 0 0
0 1 0 0
0 1 0 0
0 1 0 0
0 1 0 0
0 0 0 0
0 1 0 0
0 1 0 0
0 1 0 0
0 0 0 0
0 2 0 0
0 0 0 0
0 0 0 0
0 0 0 0
0 1 0 0
0 1 0 0
0 1 0 0
0 1 0 0
0 1 0 0
0 1 0 0
0 1 0 0
0 2 0 0
0 1 0 0
0 1 0 0
0 2 0 0
0 1 0 0
0 1 0 0
0 1 0 0
0 1 0 0
0 1 0 0
0 1 0 0
0 1 0 0
0 1 0 0
0 1 0 0
0 2 0 0
0 1 0 0
0 1 0 0
0 1 0 0
0 1 0 0
0 2 0 0
0 1 0 0
0 1 0 0
0 1 0 0
0 1 0 0
0 1 0 0
0 1 0 0
0 1 0 0
0 2 0 0
0 0 0 0
0 1 0 0
0 1 0 0
0 1 0 0
0 1 0 0
0 1 0 0
0 2 0 0
0 1 0 0
0 1 0 0
0 1 0 0
0 2 0 0
0 4 0 0
0 4 0 0
0 4 0 0
0 4 0 0
0 3 0 0
0 3 0 0
0 4 0 0
0 4 0 0
0 4 0 0
0 3 0 0
0 4 0 0
0 4 0 0
0 4 0 0
0 4 0 0
0 4 0 0
0 4 0 0
0 3 0 0
0 4 0 0
0 4 0 0
0 3 0 0
0 3 0 0
0 3 0 0
0 3 0 0
0 4 0 0
0 3 0 0
0 3 0 0
0 4 0 0
0 3 0 0
0 4 0 0
0 3 0 0
0 2 0 0
13 12 15 6
111 63 79 9
16 10 11 6
0 0 5 0
0 0 12 0
0 0 17 0
0 0 15 0
0 0 12 0
71 46 50 7
4 0 0 0
3 0 0 0
3 0 0 0
3 0 0 0
3 0 0 0
3 0 0 0
3 0 0 0
4 0 0 0
4 0 0 0
3 0 0 0
78 71 52 12
91 72 108 10
3 6 2 2
24 20 39 5
29 14 15 2
28 9 19 2
19 20 15 3
15 19 20 2
0 0 0 0
0 0 0 0
0 0 0 0
0 0 0 0
0 0 0 0
0 0 0 0
0 0 0 0
0 0 0 0
0 0 0 0
0 0 0 0
0 0 0 0
0 0 0 0
0 0 0 0
0 0 0 0
0 0 0 0
0 0 0 0
0 0 0 0
0 0 0 0
0 0 0 0
0 0 0 0
0 0 0 0
0 0 0 0
0 0 0 0
0 0 0 0
0 0 0 0
0 0 0 0
0 0 0 0
0 0 0 0
0 0 0 0
0 0 0 0
0 0 0 0
0 0 0 0
0 0 0 0
0 0 0 0
0 0 0 0
0 0 0 0
0 0 0 0
0 0 0 0
0 0 0 0
0 0 0 0
0 0 0 0
0 0 0 0
10 16 16 3
16 31 11 4
21 10 5 2
25 12 22 2
23 14 12 1
25 16 28 3
25 11 14 1
25 12 11 1
20 23 31 4
8 4 0 1
23 18 26 2
25 16 21 2
31 25 23 3
12 7 7 3
1 0 0 0
2 0 0 0
1 0 0 0
2 0 0 0
2 0 0 0
24 21 19 12
0 0 0 0
2 1 0 1
0 0 0 1
0 0 0 0
7 3 7 2
33 26 30 12
26 59 43 148
0 0 2 0
21 10 18 131
31 17 39 142
9 5 17 131
22 11 23 141
6 2 2 130
21 17 13 132
16 13 21 142
62 45 67 140
53 32 53 142
28 30 25 22
6 0 1 129
3 3 2 129
6 4 7 129
5 1 1 129
72 51 54 23
13 3 13 1
3 5 8 129
4 0 2 1
0 16 17 1
13 11 18 130
21 20 15 153
6 4 12 132
2 0 3 128
6 1 6 129
5 3 8 129
1 0 0 128
1 0 8 128
0 0 0 128
1 2 1 129
0 3 5 128
3 0 5 128
2 2 3 129
0 2 1 129
3 3 0 129
9 3 5 130
12 6 12 2
41 29 33 148
7 4 6 130
6 5 5 134
11 2 8 129
1 0 2 128
12 6 11 6
0 2 3 129
20 13 10 136
10 8 13 131
7 10 13 131
2 2 7 129
255 255 255 192
14 18 15 145
4 7 8 2
18 20 25 139
79 62 75 148
255 255 255 196
12 16 16 7
4 0 4 0
16 18 15 134
5 4 9 129
0 2 5 1
2 1 4 0
3 4 6 1
1 7 0 1
15 16 20 15
24 20 44 138
96 74 80 150
255 255 255 201
0 0 0 0
255 255 255 196
19 6 24 9
30 19 32 5
11 0 1 0
10 0 0 1
4 1 0 1
12 0 0 1
13 1 0 1
15 0 0 1
18 0 0 1
7 1 0 1
5 1 0 1
8 3 7 2
0 2 0 0
0 0 0 0
1 0 0 0
0 0 0 0
2 0 0 0
3 0 0 0
15 0 7 1
4 0 0 0
17 0 0 0
33 7 12 2
0 0 0 0
0 0 0 0
0 0 0 1
0 4 1 1
2 0 2 0
0 0 0 0
1 0 0 0
7 0 7 0
4 2 5 1
1 3 2 1
0 3 0 1
0 0 0 0
0 0 0 0
3 2 3 1
7 3 1 1
1 0 1 0
7 1 4 1
22 3 12 6
1 0 2 0
5 3 2 1
4 0 8 1
7 2 8 2
5 3 9 2
4 4 10 4
10 3 8 2
15 1 5 1
4 3 9 2
0 0 0 0
0 1 2 1
0 0 0 0
0 0 0 0
0 0 0 0
0 0 0 0
0 0 1 0
0 2 1 0
2 3 14 2
31 12 30 3
1 0 4 1
0 8 0 1
14 11 13 5
1 0 0 0
0 9 0 1
0 0 1 0
15 15 14 11
0 0 1 0
0 0 0 0
33 21 13 14
0 0 0 1
4 9 4 2
12 7 13 6
0 0 0 0
0 0 1 0
0 0 0 0
0 0 0 0
0 0 0 0
0 0 0 0
0 0 2 0
0 0 3 0
1 3 7 0
0 6 4 1
0 7 1 1
11 10 18 4
0 0 1 1
3 4 2 1
0 0 0 0
0 0 0 0
30 40 31 165
15 7 17 5
0 0 0 0
0 0 6 0
0 0 12 0
0 0 5 0
6 0 0 0
2 0 0 0
0 0 0 0
0 0 0 0
0 0 0 0
0 0 0 0
0 0 0 0
0 0 0 0
1 1 1 0
0 0 0 0
6 9 7 6
0 0 0 0
78 58 35 144
4 1 7 1
0 0 0 0
2 0 3 0
6 0 0 0
0 0 0 1
1 2 3 1
0 0 0 0
0 0 0 0
0 0 0 0
0 0 7 1
22 11 14 6
0 0 4 0
2 0 6 0
4 0 6 0
3 0 3 0
3 0 4 0
0 0 0 0
0 0 0 0
0 0 0 0
5 0 6 0
6 0 3 0
0 0 0 0
0 0 0 0
1 0 0 1
5 8 5 3
2 0 0 0
14 6 19 132
10 2 4 2
6 2 2 1
7 7 12 1
16 28 12 7
0 0 0 0
0 0 0 0
0 0 0 0
0 0 0 0
36 56 54 151
19 9 20 131
118 99 81 153
86 66 76 146
104 61 59 147
67 43 50 146
101 91 64 149
110 83 93 147
67 39 50 144
39 12 38 134
55 36 58 140
24 24 31 145
4 8 1 129
2 2 0 128
0 0 0 128
0 0 0 128
63 58 59 147
1 1 1 129
37 19 22 138
116 73 75 146
53 28 65 139
174 224 104 159
138 215 57 155
146 176 67 150
46 33 39 148
24 4 21 130
19 4 12 129
13 2 13 129
5 2 8 129
9 1 15 129
10 0 11 128
12 1 16 129
9 0 4 128
13 2 22 129
11 2 16 129
28 34 14 149
76 68 60 146
143 208 61 153
155 225 72 156
143 174 75 158
138 144 92 154
26 11 16 137
1 0 1 128
44 33 42 148
24 15 27 145
40 26 48 145
200 197 133 161
174 170 128 161
101 79 96 146
47 49 35 150
54 20 32 141
98 66 61 147
29 33 37 132
24 25 26 134
129 111 80 153
83 69 77 146
71 30 74 136
114 93 82 149
123 102 76 154
150 131 109 155
139 137 89 154
98 97 55 151
29 31 51 131
132 110 89 153
132 119 114 152
110 85 90 150
0 0 2 128
0 0 2 128
20 10 34 132
5 0 1 129
4 2 3 129
0 0 0 128
2 2 9 1
7 3 12 129
6 0 1 128
3 0 3 128
3 2 6 0
5 1 1 129
1 0 0 129
3 0 1 1
13 25 15 132
3 0 2 128
31 21 16 17
7 5 6 129
11 1 8 129
47 26 47 143
66 26 86 133
40 11 48 135
79 38 68 144
45 23 42 141
29 7 35 130
54 15 55 133
29 10 29 136
68 29 69 142
43 18 39 140
4 0 5 128
2 3 2 129
26 30 22 145
0 0 9 0
2 1 4 131
4 1 9 129
20 28 28 16
8 3 18 4
7 18 20 5
0 0 2 0
11 5 8 135
3 0 6 128
0 1 1 129
9 5 19 2
3 0 2 0
6 3 22 1
6 4 18 130
10 1 0 128
5 5 8 3
10 8 32 2
9 8 28 2
6 2 21 1
2 3 4 1
22 24 33 14
3 2 3 1
11 4 18 2
7 4 15 1
17 18 23 140
56 37 38 150
53 23 59 138
11 3 16 129
72 57 77 142
7 6 6 129
10 6 6 129
9 7 11 136
0 0 3 128
2 0 1 128
1 1 4 129
2 7 2 129
9 0 8 128
2 1 3 129
0 8 0 129
0 0 0 129
12 5 7 133
1 0 3 128
2 1 1 129
14 8 13 134
21 7 23 1
2 0 2 0
0 0 1 128
1 1 1 129
1 6 1 129
2 3 1 129
0 2 6 1
0 1 1 1
0 0 7 0
30 27 21 144
4 1 1 130
5 2 2 130
0 6 6 129
1 0 0 128
2 0 2 128
8 11 15 131
3 4 4 1
9 4 9 131
0 0 4 128
25 19 26 142
113 72 95 160
255 255 255 200
255 255 255 201
9 3 4 2
255 255 255 197
3 5 6 2
24 23 44 7
1 2 1 1
6 15 14 17
0 1 2 1
0 0 0 0
0 0 0 0
0 0 0 0
0 0 0 0
0 1 0 1
0 0 7 0
0 4 0 1
0 0 6 0
0 0 1 0
0 2 0 1
0 0 0 0
0 0 0 0
0 0 0 0
0 0 0 0
8 11 17 9
8 4 5 1
7 2 13 2
15 2 20 1
7 4 0 1
2 1 0 1
0 7 0 1
0 4 0 1
5 6 30 3
0 0 0 0
0 0 1 0
0 0 1 0
0 0 3 0
6 2 6 1
0 0 8 0
0 0 5 0
0 0 1 1
1 2 8 1
5 0 0 0
0 0 1 0
0 0 2 0
0 0 0 0
0 0 0 0
0 0 0 0
0 0 2 0
8 0 0 0
5 3 0 1
33 6 15 4
2 1 1 1
6 0 4 0
8 1 2 0
3 0 2 0
1 0 1 0
10 4 12 3
9 1 0 1
1 0 0 1
6 0 0 0
0 0 0 0
4 0 6 1
4 1 8 0
0 0 4 0
3 3 9 3
0 0 0 0
2 7 8 1
9 8 27 5
0 0 0 0
0 0 0 0
0 0 0 0
0 0 0 0
0 0 0 0
0 0 0 0
6 3 14 1
3 0 0 0
5 1 0 0
1 0 0 0
0 2 0 1
0 5 0 1
0 9 0 1
1 3 2 1
5 4 4 0
2 1 5 1
5 7 8 0
6 8 4 1
2 0 4 1
0 0 0 0
0 0 0 0
1 1 2 1
0 0 0 0
0 0 0 0
0 0 0 0
0 0 0 1
0 0 0 0
0 0 0 0
0 0 0 0
0 0 0 0
1 0 2 0
23 8 12 5
54 41 48 7
1 0 0 0
19 7 11 1
37 22 75 4
13 10 29 2
46 31 78 138
60 35 75 138
82 67 68 149
79 34 69 133
76 25 53 140
26 10 38 133
18 6 19 131
52 46 58 144
72 35 65 142
29 22 33 140
2 1 0 128
17 13 19 143
98 64 87 142
52 21 63 138
55 16 33 132
46 19 46 137
63 43 47 143
104 79 89 146
41 16 30 135
27 10 38 131
43 13 49 131
46 14 42 132
85 60 99 145
134 115 127 145
137 107 117 148
62 46 55 155
31 26 15 152
5 2 9 129
8 2 2 129
0 0 5 128
2 4 7 136
10 4 7 130
4 0 4 128
155 129 129 148
126 84 98 146
24 14 32 138
86 67 74 145
118 73 88 149
89 62 71 142
110 57 86 142
74 71 43 165
114 76 91 144
137 126 105 150
24 22 33 133
39 29 51 131
60 53 50 147
32 27 27 142
0 0 0 128
2 2 3 129
1 1 0 128
5 0 0 128
61 47 57 145
181 175 128 149
207 209 137 150
199 204 139 148
196 197 139 149
215 212 152 151
181 170 130 150
188 182 153 147
208 207 154 150
159 148 128 148
176 190 122 149
221 205 162 155
223 189 176 154
128 85 89 145
21 11 24 133
3 5 3 129
0 0 6 128
0 0 0 128
2 1 4 129
19 17 31 132
5 5 13 130
16 15 20 6
55 82 70 16
38 68 55 10
34 37 39 142
1 1 2 129
7 9 10 129
4 7 5 130
57 45 38 137
41 36 32 134
4 7 3 129
42 36 62 148
71 19 33 8
1 0 6 129
112 96 92 145
118 104 85 147
23 8 20 138
73 42 59 136
35 35 45 132
35 30 42 131
130 102 91 152
175 151 136 149
161 171 123 149
148 141 119 151
108 61 82 143
43 13 40 133
31 9 33 130
101 92 76 165
75 28 66 141
59 43 50 146
21 2 20 129
74 23 75 133
43 19 41 139
35 14 51 131
51 20 37 143
43 16 52 133
47 36 57 141
51 14 40 132
62 40 37 149
2 0 0 128
7 5 6 129
2 3 5 129
9 0 2 128
8 1 4 1
2 3 0 1
20 34 32 144
19 27 21 140
31 18 30 140
109 55 91 145
33 17 20 139
63 50 39 157
1 1 4 130
7 1 7 1
3 6 3 1
2 11 1 1
4 5 7 130
33 23 18 17
2 1 3 1
0 0 0 0
41 35 11 142
0 0 1 128
0 0 0 128
32 16 16 141
13 5 15 138
2 0 3 128
3 1 3 128
13 9 14 131
5 5 3 134
8 6 3 130
2 1 1 128
1 4 4 1
9 5 6 1
2 1 1 129
3 4 2 129
3 6 6 130
2 4 4 129
8 7 16 132
2 4 2 128
4 1 2 129
16 4 15 130
4 3 5 129
24 22 23 13
0 0 0 1
6 1 7 1
26 14 24 140
100 57 98 144
58 27 63 149
62 32 79 136
255 255 255 196
5 6 4 1
255 255 255 196
0 0 0 0
6 4 19 1
2 2 1 1
4 3 10 1
0 14 1 1
0 0 2 0
2 12 0 1
0 2 0 1
0 0 0 1
0 0 0 0
4 1 1 1
2 0 2 0
2 0 2 0
0 0 7 0
2 0 12 0
2 0 12 0
0 0 14 0
0 0 17 0
2 2 18 2
4 0 1 0
0 2 0 1
1 2 0 0
1 9 0 1
0 3 0 1
255 255 255 194
3 0 1 1
255 255 255 201
0 0 1 1
0 0 0 0
1 1 2 1
7 0 2 0
5 0 0 0
5 0 0 0
6 0 0 0
5 0 0 0
2 0 2 0
6 5 1 0
1 7 0 0
18 11 16 4
0 5 0 1
0 8 0 0
1 2 14 0
0 5 12 0
5 3 7 1
0 9 7 1
10 0 0 0
45 12 20 9
2 1 4 1
0 0 0 0
2 2 1 0
0 0 0 0
0 0 0 0
0 0 7 0
0 0 5 0
0 0 0 0
0 0 0 0
0 0 0 0
0 0 0 0
1 0 1 1
0 0 1 0
2 0 0 0
24 4 13 6
0 0 0 0
0 10 0 1
0 9 0 0
1 1 2 0
0 0 0 0
0 0 0 0
0 0 0 0
6 2 3 2
0 3 1 0
3 1 1 1
13 3 5 2
8 0 14 0
0 0 0 0
0 0 0 0
0 0 0 0
0 0 0 0
3 0 5 0
1 0 1 0
0 2 4 0
0 0 10 0
0 0 0 0
0 6 1 1
11 10 45 8
1 1 1 0
0 1 0 1
4 0 0 0
4 2 3 1
0 0 0 0
255 255 255 197
6 3 16 3
0 0 2 0
0 0 2 0
6 0 1 0
9 10 46 8
0 1 6 1
0 7 2 1
3 4 6 1
18 21 29 145
86 61 89 152
49 38 19 152
64 41 69 145
95 89 72 164
156 158 130 153
135 132 123 160
156 160 138 152
20 16 30 4
29 27 43 133
23 19 27 4
21 22 40 4
27 28 32 133
18 17 30 130
25 24 36 4
21 18 23 131
26 25 40 135
14 18 20 131
27 35 69 131
20 21 36 132
55 63 96 144
197 217 150 154
86 51 61 148
8 4 15 130
8 3 3 129
14 2 5 129
29 11 28 132
127 135 80 154
71 77 38 151
12 6 13 131
27 22 28 140
36 21 23 140
64 77 43 150
24 6 27 131
37 32 39 148
55 65 35 168
40 39 29 148
7 0 6 128
4 0 14 128
9 0 3 128
4 5 5 129
61 66 46 152
143 152 109 167
147 152 107 156
27 22 29 143
0 0 2 129
6 0 1 128
58 46 38 155
76 81 37 167
158 165 118 164
38 42 39 150
7 2 3 1
46 24 53 137
27 18 43 138
23 12 23 133
111 138 80 152
155 148 116 167
64 53 36 152
2 0 0 129
4 2 1 1
0 0 2 0
2 1 2 0
122 117 107 146
6 4 20 129
9 9 10 129
2 1 2 128
76 61 80 145
49 62 32 149
43 37 52 145
58 26 63 137
49 38 55 186
27 9 30 131
98 90 81 148
104 112 70 150
180 184 130 152
119 108 79 151
9 3 4 129
1 1 4 129
30 16 15 135
65 46 59 145
80 48 53 143
16 16 9 135
23 23 26 150
46 23 34 147
29 4 33 130
32 30 28 145
42 23 46 136
7 9 17 129
15 7 18 134
34 37 50 19
14 8 22 129
72 41 53 146
26 35 34 145
146 128 80 148
164 172 107 155
151 157 77 162
51 58 33 22
5 0 0 0
9 0 0 0
0 0 0 0
0 0 0 0
0 0 0 0
0 0 0 0
0 0 0 0
0 0 0 0
0 0 0 0
0 0 0 0
0 0 0 0
0 0 0 0
0 0 0 0
0 0 0 0
0 0 0 0
0 0 0 0
0 0 0 0
0 0 0 0
0 0 0 0
0 0 0 0
0 0 0 0
0 0 0 0
0 0 0 0
0 0 0 0
0 0 0 0
0 0 0 0
0 0 0 0
0 0 0 0
0 0 0 0
0 0 0 0
0 0 0 0
0 0 0 0
0 0 0 0
0 0 0 0
0 0 0 0
0 0 0 0
0 0 0 0
0 0 0 0
0 0 0 0
0 0 0 0
0 0 0 0
0 0 0 0
0 0 0 0
0 0 0 0
0 0 0 0
0 0 0 0
0 0 0 0
0 0 0 0
0 0 0 0
0 0 0 0
0 0 0 0
0 0 0 0
0 0 0 0
0 0 0 0
0 0 0 0
0 0 0 0
0 0 0 0
0 0 0 0
0 0 0 0
0 0 0 0
0 0 0 0
0 0 0 0
0 0 0 0
0 0 0 0
0 0 0 0
0 0 0 0
0 0 0 0
0 0 0 0
0 0 0 0
0 0 0 0
0 0 0 0
0 0 0 0
0 0 0 0
0 0 0 0
0 0 0 0
0 0 0 0
0 0 0 0
0 0 0 0
0 0 0 0
0 0 0 0
0 0 0 0
0 0 0 0
0 0 0 0
0 0 0 0
0 0 0 0
0 0 0 0
0 0 0 0
0 0 0 0
0 0 0 0
0 0 0 0
0 0 0 0
0 0 0 0
0 0 0 0
0 0 0 0
0 0 0 0
0 0 0 0
0 0 0 0
0 0 0 0
0 0 0 0
0 0 0 0
0 0 0 0
0 0 0 0
0 0 0 0
0 0 0 0
0 0 0 0
0 0 0 0
0 0 0 0
0 0 0 0
0 0 0 0
0 0 0 0
0 0 0 0
0 0 0 0
0 0 0 0
0 0 0 0
0 0 0 0
0 0 0 0
0 0 0 0
0 0 0 0
0 0 0 0
0 0 0 0
0 0 0 0
0 0 0 0
0 0 0 0
0 0 0 0
0 0 0 0
0 0 0 0
0 0 0 0
0 0 0 0
0 0 0 0
0 0 0 0
0 0 0 0
0 0 0 0
0 0 0 0
0 0 0 0
0 0 0 0
0 0 0 0
0 0 0 0
0 0 0 0
0 0 0 0
0 0 0 0
0 0 0 0
0 0 0 0
0 0 0 0
0 0 0 0
0 0 0 0
0 0 0 0
0 0 0 0
0 0 0 0
0 0 0 0
0 0 0 0
0 0 0 0
0 0 0 0
0 0 0 0
0 0 0 0
0 0 0 0
0 0 0 0
0 0 0 0
0 0 0 0
0 0 0 0
0 0 0 0
0 0 0 0
0 0 0 0
0 0 0 0
0 0 0 0
0 0 0 0
0 0 0 0
0 0 0 0
0 0 0 0
0 0 0 0
0 0 0 0
0 0 0 0
0 0 0 0
0 0 0 0
0 0 0 0
0 0 0 0
0 0 0 0
0 0 0 0
0 0 0 0
0 0 0 0
0 0 0 0
0 0 0 0
0 0 0 0
0 0 0 0
0 0 0 0
0 0 0 0
0 0 0 0
0 0 0 0
0 0 0 0
0 0 0 0
0 0 0 0
0 0 0 0
0 0 0 0
0 0 0 0
0 0 0 0
0 0 0 0
0 0 0 0
0 0 0 0
0 0 0 0
0 0 0 0
0 0 0 0
0 0 0 0
0 0 0 0
0 0 0 0
0 0 0 0
0 0 0 0
0 0 0 0
0 0 0 0
0 0 0 0
0 0 0 0
0 0 0 0
0 0 0 0
0 0 0 0
0 0 0 0
0 0 0 0
0 0 2 128
0 6 0 129
0 0 0 128
0 0 0 128
0 0 0 128
0 0 0 128
0 0 0 128
0 0 0 128
0 0 0 128
0 0 0 128
0 0 0 128
0 0 0 128
0 0 0 128
0 0 0 128
0 0 0 128
0 0 0 128
0 0 0 128
0 0 0 128
0 0 0 128
0 7 4 129
0 2 12 129
0 0 15 128
0 0 12 128
1 0 0 128
6 0 0 128
5 0 0 128
22 8 27 7
0 0 0 0
0 0 0 0
0 0 0 0
0 0 0 0
0 0 0 0
0 0 0 0
0 0 0 0
0 0 0 0
0 0 0 0
0 0 0 0
0 0 0 0
0 0 0 0
0 0 0 0
0 0 0 0
0 0 0 0
0 0 0 0
0 0 0 0
0 0 0 0
0 0 0 0
0 0 0 0
0 0 0 0
0 0 0 0
0 0 0 0
0 0 0 0
0 0 0 0
0 0 0 0
0 0 0 0
0 0 0 0
0 0 0 0
0 0 0 0
0 0 0 0
0 0 0 0
0 0 0 0
0 0 0 0
0 0 0 0
0 0 0 0
0 0 0 0
0 0 0 0
0 0 0 0
0 0 0 0
0 0 0 0
0 0 0 0
0 0 0 0
0 0 0 0
0 0 0 0
0 0 0 0
0 0 0 0
0 0 0 0
0 0 0 0
0 0 0 0
0 0 0 0
0 0 0 0
0 0 0 0
0 0 0 0
4 8 6 7
0 0 0 0
5 0 0 0
6 0 0 0
11 0 0 0
13 0 0 0
10 0 0 0
8 0 0 0
0 0 1 0
0 0 1 0
0 0 1 0
0 0 1 0
0 0 1 0
0 0 1 0
0 0 1 0
0 0 1 0
0 0 0 0
0 0 1 0
0 0 2 0
0 0 2 0
0 0 2 0
0 0 2 0
0 0 2 0
0 0 2 0
0 0 2 0
0 0 1 0
0 0 2 0
0 0 1 0
0 0 2 0
0 0 1 0
0 0 2 0
0 0 2 0
0 0 1 0
0 0 2 0
0 0 2 0
0 0 2 0
0 0 2 0
0 0 2 0
0 0 2 0
0 0 1 0
0 0 1 0
0 0 2 0
0 0 1 0
0 0 1 0
0 0 2 0
0 0 2 0
0 0 1 0
0 0 1 0
0 0 1 0
0 0 3 0
0 0 2 0
0 0 2 0
0 0 2 0
0 0 2 0
0 0 2 0
0 0 2 0
0 0 1 0
0 0 1 0
0 0 2 0
0 0 2 0
0 0 1 0
0 0 2 0
0 0 2 0
0 0 3 0
0 0 3 0
0 0 3 0
0 0 3 0
0 0 4 0
0 0 4 0
0 0 4 0
0 0 4 0
0 0 2 0
0 0 3 0
0 0 4 0
0 0 4 0
0 0 4 0
0 0 3 0
0 0 4 0
0 0 3 0
0 0 3 0
0 0 2 0
0 0 3 0
0 0 3 0
0 0 3 0
0 0 3 0
0 0 3 0
0 0 3 0
0 0 3 0
0 0 3 0
0 0 4 0
0 0 3 0
0 0 2 0
0 0 3 0
0 0 3 0
0 0 2 0
0 0 3 0
0 0 3 0
0 0 3 0
0 0 4 0
0 0 2 0
0 0 4 0
0 0 4 0
0 0 3 0
0 0 4 0
0 0 4 0
0 0 4 0
0 0 4 0
0 0 3 0
0 0 3 0
0 0 3 0
0 0 4 0
0 0 2 0
0 0 3 0
0 0 3 0
0 0 3 0
0 0 2 0
0 0 3 0
0 0 3 0
0 0 4 0
0 0 3 0
0 0 4 0
0 0 3 0
0 0 3 0
0 0 3 0
0 0 3 0
0 0 3 0
0 0 3 0
0 0 3 0
0 0 1 0
0 0 4 0
0 0 4 0
0 0 3 0
0 0 3 0
0 0 3 0
0 0 3 0
0 0 3 0
0 0 3 0
0 0 3 0
0 0 3 0
0 0 3 0
0 0 3 0
0 0 3 0
0 0 2 0
0 0 3 0
0 0 3 0
0 0 3 0
0 0 3 0
0 0 3 0
0 0 3 0
0 0 3 0
0 0 4 0
0 0 4 0
0 0 2 0
0 0 3 0
0 0 3 0
0 0 3 0
0 0 3 0
0 0 3 0
0 0 2 0
0 0 2 0
0 0 2 0
0 0 2 0
0 0 3 0
0 0 2 0
0 0 3 0
0 0 2 0
0 0 2 0
0 0 3 0
0 0 3 0
0 0 2 0
0 0 3 0
0 0 3 0
0 0 2 0
0 0 2 0
0 0 2 0
0 0 2 0
0 0 2 0
0 0 2 0
0 0 2 0
0 0 2 0
0 0 1 0
0 0 2 0
0 0 2 0
0 0 2 0
0 0 2 0
0 0 3 0
0 0 2 0
0 0 2 0
0 0 2 0
0 0 2 0
0 0 2 0
0 0 2 0
0 0 2 0
26 34 41 9
35 22 33 6
92 30 56 6
0 0 0 0
0 0 0 0
0 0 0 0
0 2 0 4
0 0 0 0
0 0 0 0
0 0 0 0
0 0 0 0
0 0 1 1
68 27 36 19
[Exported]
I1=683
I2=58
I3=4
I4=46
I5=2
I6=70
I7=2
