25.0 0.0 0.0
22.4803897271 7.30432140134 8.57578752949
15.9658069918 11.5998377735 13.34419181
8.12579138768 11.1841923555 12.4060146027
2.07396761015 6.38301597039 6.68688058064
-3.88611741646e-17 -0.634651136829 -0.608943306483
2.22892647585 -6.85993032031 -5.71195731741
7.12806035447 -9.81093339993 -6.26234200178
11.8982750016 -8.64460279856 -2.50788296899
13.8869955432 -4.51215837349 2.89974872995
11.8250706566 -1.44815349293e-15 6.39311586627
6.42505730602 2.08762766815 5.46548019108
0.0682540810097 0.0495894925635 0.0815949729462
-4.2789756539 -5.88950472816 -7.232376351
-4.4292476438 -13.6318225554 -12.6768836246
-3.69506399093e-15 -20.1149914871 -13.1725180885
7.36600326029 -22.670226969 -8.01037150417
14.6898372465 -20.2188264007 0.713668362596
18.9491787577 -13.7673842382 9.11766857918
18.3959401006 -5.97720326942 13.4806097716
13.30830026 -3.25959346311e-15 12.1056557203
5.84117629305 1.89791322678 6.13175961854
-0.954915028125 -0.693786378564 -1.12256994145
-4.50258143586 -6.19727168377 -5.93011755773
-3.83642174043 -11.8072920322 -6.10482567929
-4.5300998037e-15 -14.7964288376 -2.10575137705
4.4746397293 -13.7715250297 3.2797271753
6.76507788287 -9.31133088856 6.49642419778
5.08779815658 -3.69650173467 5.1912808073
-0.447058049875 0.145257965764 -0.457848572279
-7.84629676547 2.8826826657e-15 -7.76643277782
-14.1085986267 -4.58416158006 -12.9172206881
-16.5709593531 -12.0395066999 -12.96588788
-14.119266149 -19.4335026578 -7.4229374948
-7.71534536732 -23.7453914206 1.42535815322
-9.9409772791e-15 -23.1926399071 9.63457080855
5.85239602653 -18.0118229039 13.5815809521
7.5150708145 -10.3436076001 11.7769363132
4.50713157956 -3.27462277187 5.56884907277
-1.63675672282 0.531814497184 -1.62090271989
-8.09721467891 3.96649121541e-15 -6.11946654704
-12.0676314636 -3.92101114939 -5.9213823535
-12.0297871781 -8.74015198773 -1.6950106248
-8.43056689843 -11.6036798583 3.64623757549
-3.45491502813 -10.6331351044 6.57163890149
-3.20339112119e-15 -5.81281634911 4.89005228939
-0.317728389587 0.977867433925 -1.00771174229
-4.94353486182 6.80419200703 -8.28726311139
-12.4005714182 9.00954250692 -13.1260744612
-19.8181584065 6.43931000935 -12.7247079452
-24.1898594723 1.48120169873e-14 -6.81507095876
-23.706638282 -7.70275370931 2.13309696872
-18.5652965626 -13.4884774978 10.1251279654
-10.8878389485 -14.9858246817 13.647022998
-3.78735990475 -11.6562952282 11.4210691488
2.32775738933e-14 -5.0 5.0
-0.697189960996 2.14573006524 -2.10242885668
-5.00998642557 6.89565473795 -6.27961161924
-10.4751266189 7.61062497484 -5.71291695301
-14.1960731191 4.61258376556 -1.27734688393
-14.1898594723 -1.912234918e-13 3.99774539035
-10.3075932436 -3.3491400656 6.61822914884
-4.31040147448 -3.13168998399 4.56258415872
0.934317661102 1.28597793672 -1.56627524708
2.77244155416 8.53269772903 -8.79311386864
-3.52572333432e-13 15.8128163491 -13.3025876177
-6.54508497188 20.1437002674 -12.4494914244
-14.3084194214 19.6938498021 -6.18842091742
-20.1199571218 14.6180045107 2.83492472371
-21.5781966265 7.01118109314 10.5880555858
-18.0972146789 -5.6313411202e-13 13.6769622906
-11.1473218858 -3.62198444093 11.0393463563
-3.58303836419 -2.60322975106 4.42707285551
1.63721829157 2.25343765638 -2.56569978202
2.76222608278 8.50125774094 -6.41026290449
-5.26883987784e-13 13.1926399071 -5.48042067853
-4.62517542357 14.2348262577 -0.854470044591
-8.24141362604 11.343332714 4.33276755105
-8.48078940932 6.16165417693 6.63576334188
-4.59803346374 1.49399163631 4.20975991692
2.15370323454 1.05010852562e-13 -2.13178164099
9.06350711308 2.94491197799 -9.28227059714
13.1779681003 9.57435425759 -13.4459997769
12.6429304058 17.4015008323 -12.1408563864
7.56480967305 23.2820901926 -5.54469484956
-1.4277492595e-12 24.7964288376 3.52889975978
-6.92659168418 21.3178571951 11.0221549257
-10.3804339588 14.2874416275 13.6715336641
-9.04508497187 6.57163890149 10.6331351044
-3.6693888699 1.19225671697 3.85193142072
3.30830026004 2.19669078769e-13 -3.00933576677
8.8853749377 2.88703332567 -6.51123408501
10.8590088139 7.88953171531 -5.224967516
8.81198472356 12.128656457 -0.428107854658
4.27583331654 13.159661806 4.64987757201
-7.60848947917e-13 10.1149914871 6.62391074908
-1.33907770005 4.12125739244 3.83255431464
1.59887686903 -2.20066521559 -2.70244100249
8.15842402476 -5.92744201549 -9.75306351997
15.935622469 -5.1777976119 -13.5556501348
21.8250706566 1.83418944658e-12 -11.7995240408
23.3975607062 7.60232831724 -4.8856533964
19.9884449453 14.5224553215 4.21310489532
13.0059128774 17.9011033437 11.4263166182
5.3190964196 16.3704954833 13.6309797766
-9.87544693873e-13 10.6346511368 10.2038730426
-1.0162023336 3.12754919256 3.27643672798
2.24793886476 -3.09402241178 -3.43203031577
7.87563704807 -5.72198525056 -6.58244280726
12.9698245642 -4.21415145759 -4.94771047599
15.0 1.52522377809e-12 1.84129406879e-12
12.9698245642 4.21415145759 4.94771047599
7.87563704807 5.72198525056 6.58244280726
2.24793886476 3.09402241178 3.43203031576
-1.0162023336 -3.12754919256 -3.27643672799
1.17515167754e-12 -10.6346511368 -10.2038730426
5.3190964196 -16.3704954833 -13.6309797766
13.0059128774 -17.9011033437 -11.4263166182
19.9884449453 -14.5224553215 -4.21310489531
23.3975607062 -7.60232831723 4.88565339641
21.8250706566 2.60422611662e-12 11.7995240408
15.935622469 5.1777976119 13.5556501348
8.15842402476 5.92744201549 9.75306351996
1.59887686903 2.20066521559 2.70244100248
-1.33907770005 -4.12125739244 -3.83255431464
1.29616778959e-12 -10.1149914871 -6.62391074908
4.27583331654 -13.159661806 -4.64987757201
8.81198472356 -12.128656457 0.428107854662
10.8590088139 -7.88953171531 5.224967516
8.88537493769 -2.88703332567 6.511234085
3.30830026003 4.53117350787e-13 3.00933576677
-3.66938886991 -1.19225671697 -3.85193142073
-9.04508497188 -6.57163890149 -10.6331351044
-10.3804339588 -14.2874416275 -13.6715336641
-6.92659168418 -21.3178571951 -11.0221549257
3.61493112382e-12 -24.7964288376 -3.52889975978
7.56480967306 -23.2820901926 5.54469484957
12.6429304058 -17.4015008323 12.1408563865
13.1779681003 -9.57435425759 13.4459997769
9.06350711307 -2.94491197798 9.28227059714
2.15370323453 3.3297306534e-13 2.13178164099
-4.59803346375 -1.49399163631 -4.20975991692
-8.48078940932 -6.16165417693 -6.63576334188
-8.24141362604 -11.343332714 -4.33276755105
-4.62517542356 -14.2348262577 0.854470044594
2.15601308983e-12 -13.1926399071 5.48042067853
2.76222608278 -8.50125774093 6.41026290449
1.63721829157 -2.25343765638 2.56569978201
-3.58303836419 2.60322975106 -4.42707285552
-11.1473218858 3.62198444093 -11.0393463563
-18.0972146789 -3.11717284071e-12 -13.6769622906
-21.5781966265 -7.01118109314 -10.5880555858
-20.1199571218 -14.6180045107 -2.83492472371
-14.3084194214 -19.6938498021 6.18842091743
-6.54508497187 -20.1437002674 12.4494914244
2.86317213247e-12 -15.8128163491 13.3025876177
2.77244155416 -8.53269772902 8.79311386863
0.934317661099 -1.28597793671 1.56627524708
-4.31040147449 3.13168998399 -4.56258415872
-10.3075932436 3.3491400656 -6.61822914884
-14.1898594723 -2.69447131819e-12 -3.99774539035
-14.1960731191 -4.61258376556 1.27734688394
-10.4751266189 -7.61062497484 5.71291695301
-5.00998642556 -6.89565473795 6.27961161924
-0.697189960994 -2.14573006524 2.10242885668
-9.93538278169e-13 5.0 -5.0
-3.78735990475 11.6562952282 -11.4210691488
-10.8878389485 14.9858246817 -13.647022998
-18.5652965626 13.4884774978 -10.1251279654
-23.706638282 7.7027537093 -2.13309696871
-24.1898594723 -5.02007817574e-12 6.81507095877
-19.8181584065 -6.43931000935 12.7247079452
-12.4005714182 -9.00954250692 13.1260744612
-4.94353486182 -6.80419200703 8.28726311139
-0.317728389585 -0.97786743392 1.00771174228
-1.25759560545e-12 5.81281634912 -4.89005228939
-3.45491502813 10.6331351044 -6.57163890149
-8.43056689844 11.6036798583 -3.64623757549
-12.0297871781 8.74015198773 1.69501062481
-12.0676314636 3.92101114939 5.9213823535
-8.0972146789 -1.82324425193e-12 6.11946654704
-1.63675672281 -0.531814497183 1.62090271989
4.50713157957 3.27462277187 -5.56884907277
7.5150708145 10.3436076001 -11.7769363132
5.85239602653 18.0118229039 -13.5815809521
-5.4268426359e-12 23.1926399071 -9.63457080855
-7.71534536732 23.7453914206 -1.42535815321
-14.119266149 19.4335026577 7.42293749481
-16.5709593531 12.0395066998 12.96588788
-14.1085986267 4.58416158005 12.9172206881
-7.84629676546 -1.9051625732e-12 7.76643277781
-0.447058049869 -0.145257965762 0.457848572274
5.08779815659 3.69650173467 -5.1912808073
6.76507788287 9.31133088857 -6.49642419778
4.4746397293 13.7715250297 -3.2797271753
-3.72323969324e-12 14.7964288376 2.10575137705
-3.83642174043 11.8072920322 6.10482567929
-4.50258143586 6.19727168377 5.93011755773
-0.954915028121 0.693786378561 1.12256994144
5.84117629305 -1.89791322678 -6.13175961854
13.30830026 3.46616701315e-12 -12.1056557203
18.3959401006 5.97720326943 -13.4806097716
18.9491787577 13.7673842382 -9.11766857917
14.6898372465 20.2188264007 -0.713668362588
7.36600326029 22.670226969 8.01037150417
-5.2734797948e-12 20.1149914871 13.1725180885
-4.4292476438 13.6318225554 12.6768836246
-4.27897565389 5.88950472815 7.23237635099
0.0682540810147 -0.0495894925671 -0.0815949729522
6.42505730603 -2.08762766815 -5.46548019108
11.8250706566 3.20444272779e-12 -6.39311586627
13.8869955432 4.51215837349 -2.89974872994
11.8982750016 8.64460279856 2.507882969
7.12806035447 9.81093339993 6.26234200179
2.22892647585 6.8599303203 5.71195731741
-1.77580304628e-13 0.634651136822 0.608943306477
2.07396761015 -6.3830159704 -6.68688058065
8.12579138769 -11.1841923555 -12.4060146027
15.9658069918 -11.5998377735 -13.34419181
22.4803897271 -7.30432140133 -8.57578752949
25.0 7.21570746759e-12 8.62454647112e-12
